-15.000000 0.000000 15.000000
-12.000000 0.000000 15.000000
-9.000000 0.000000 15.000000
-6.000000 0.000000 15.000000
-3.000000 0.000000 15.000000
0.000000 0.000000 15.000000
3.000001 0.000000 15.000000
6.000000 0.000000 15.000000
9.000000 0.000000 15.000000
12.000002 0.000000 15.000000
15.000000 0.000000 15.000000
-15.000000 0.000000 12.000000
-12.000000 0.000000 12.000000
-9.000000 0.000000 12.000000
-6.000000 0.000000 12.000000
-3.000000 0.000000 12.000000
0.000000 0.000000 12.000000
3.000001 0.000000 12.000000
6.000000 0.000000 12.000000
9.000000 0.000000 12.000000
12.000002 0.000000 12.000000
15.000000 0.000000 12.000000
-15.000000 0.000000 9.000000
-12.000000 0.000000 9.000000
-9.000000 0.000000 9.000000
-6.000000 0.000000 9.000000
-3.000000 0.000000 9.000000
0.000000 0.000000 9.000000
3.000001 0.000000 9.000000
6.000000 0.000000 9.000000
9.000000 0.000000 9.000000
12.000002 0.000000 9.000000
15.000000 0.000000 9.000000
-15.000000 0.000000 6.000000
-12.000000 0.000000 6.000000
-9.000000 0.000000 6.000000
-6.000000 0.000000 6.000000
-3.000000 0.000000 6.000000
0.000000 0.000000 6.000000
3.000001 0.000000 6.000000
6.000000 0.000000 6.000000
9.000000 0.000000 6.000000
12.000002 0.000000 6.000000
15.000000 0.000000 6.000000
-15.000000 0.000000 3.000000
-12.000000 0.000000 3.000000
-9.000000 0.000000 3.000000
-6.000000 0.000000 3.000000
-3.000000 0.000000 3.000000
0.000000 0.000000 3.000000
3.000001 0.000000 3.000000
6.000000 0.000000 3.000000
9.000000 0.000000 3.000000
12.000002 0.000000 3.000000
15.000000 0.000000 3.000000
-15.000000 0.000000 0.000000
-12.000000 0.000000 0.000000
-9.000000 0.000000 0.000000
-6.000000 0.000000 0.000000
-3.000000 0.000000 0.000000
0.000000 0.000000 0.000000
3.000001 0.000000 0.000000
6.000000 0.000000 0.000000
9.000000 0.000000 0.000000
12.000002 0.000000 0.000000
15.000000 0.000000 0.000000
-15.000000 0.000000 -3.000001
-12.000000 0.000000 -3.000001
-9.000000 0.000000 -3.000001
-6.000000 0.000000 -3.000001
-3.000000 0.000000 -3.000001
0.000000 0.000000 -3.000001
3.000001 0.000000 -3.000001
6.000000 0.000000 -3.000001
9.000000 0.000000 -3.000001
12.000002 0.000000 -3.000001
15.000000 0.000000 -3.000001
-15.000000 0.000000 -6.000000
-12.000000 0.000000 -6.000000
-9.000000 0.000000 -6.000000
-6.000000 0.000000 -6.000000
-3.000000 0.000000 -6.000000
0.000000 0.000000 -6.000000
3.000001 0.000000 -6.000000
6.000000 0.000000 -6.000000
9.000000 0.000000 -6.000000
12.000002 0.000000 -6.000000
15.000000 0.000000 -6.000000
-15.000000 0.000000 -9.000000
-12.000000 0.000000 -9.000000
-9.000000 0.000000 -9.000000
-6.000000 0.000000 -9.000000
-3.000000 0.000000 -9.000000
0.000000 0.000000 -9.000000
3.000001 0.000000 -9.000000
6.000000 0.000000 -9.000000
9.000000 0.000000 -9.000000
12.000002 0.000000 -9.000000
15.000000 0.000000 -9.000000
-15.000000 0.000000 -12.000002
-12.000000 0.000000 -12.000002
-9.000000 0.000000 -12.000002
-6.000000 0.000000 -12.000002
-3.000000 0.000000 -12.000002
0.000000 0.000000 -12.000002
3.000001 0.000000 -12.000002
6.000000 0.000000 -12.000002
9.000000 0.000000 -12.000002
12.000002 0.000000 -12.000002
15.000000 0.000000 -12.000002
-15.000000 0.000000 -15.000000
-12.000000 0.000000 -15.000000
-9.000000 0.000000 -15.000000
-6.000000 0.000000 -15.000000
-3.000000 0.000000 -15.000000
0.000000 0.000000 -15.000000
3.000001 0.000000 -15.000000
6.000000 0.000000 -15.000000
9.000000 0.000000 -15.000000
12.000002 0.000000 -15.000000
15.000000 0.000000 -15.000000
