0.087938 4.200000 0.480785
-0.107153 4.200000 0.480785
0.087938 1.200000 0.480785
-0.107153 1.200000 0.480785
0.480785 4.200000 -0.107152
0.480785 4.200000 0.087938
0.480785 1.200000 -0.107152
0.480785 1.200000 0.087938
0.480785 0.200000 -0.107153
0.406127 0.200000 -0.287392
0.406127 4.200000 -0.287392
0.268178 4.200000 -0.425342
0.268178 0.200000 -0.425342
0.087938 4.200000 -0.500000
0.087938 1.200000 -0.500000
0.087938 0.200000 -0.500000
-0.107153 1.200000 -0.500000
-0.107153 4.200000 -0.500000
-0.107153 0.200000 -0.500000
-0.287392 0.200000 -0.425342
-0.287392 4.200000 -0.425342
-0.425342 4.200000 -0.287392
-0.425342 0.200000 -0.287392
-0.500000 4.200000 -0.107152
-0.500000 1.200000 -0.107152
-0.500000 0.200000 -0.107153
-0.500000 1.200000 0.087938
-0.500000 4.200000 0.087938
-0.500000 0.200000 0.087938
-0.425342 0.200000 0.268178
-0.425342 4.200000 0.268178
-0.287392 4.200000 0.406128
-0.287392 0.200000 0.406127
-0.107153 0.200000 0.480785
0.087938 0.200000 0.480785
0.268178 0.200000 0.406127
0.268178 4.200000 0.406128
0.406127 4.200000 0.268178
0.406127 0.200000 0.268178
0.480785 0.200000 0.087938
-0.009607 5.547343 -0.009607
0.980785 -0.000000 0.087938
0.980785 -0.000000 -0.107153
-1.000000 -0.000000 0.087938
-1.000000 -0.000000 -0.107153
-0.107153 0.000000 -1.000000
0.087938 0.000000 -1.000000
-0.107153 -0.000000 0.980785
0.087938 -0.000000 0.980785
